
#mesh01_coords[] 
    -108772  754197  212199 
    -0689316  150839  174579 
    223747  150839  155769 
    -108772  754197  212199 
    223747  150839  155769 
    738406  754197  174579 
    -108772  754197  212199 
    738406  754197  174579 
    340001  0  212199 
    -108772  754197  212199 
    340001  0  212199 
    -573062  0  23101 
    -905941  -085022  212199 
    -175348  -0946246  174579 
    -226813  -0192051  155769 
    -905941  -085022  212199 
    -226813  -0192051  155769 
    -193526  0658173  174579 
    -905941  -085022  212199 
    -193526  0658173  174579 
    -108772  0754197  212199 
    -905941  -085022  212199 
    -108772  0754197  212199 
    -573062  0  23101 
    -573062  0  23101 
    340001  0  212199 
    571427  -085022  181764 
    -573062  0  23101 
    571427  -085022  181764 
    -198606  -137569  181764 
    -573062  0  23101 
    -198606  -137569  181764 
    -905941  -085022  212199 
    340001  0  212199 
    738406  0754197  174579 
    136824  0658173  106523 
    340001  0  212199 
    136824  0658173  106523 
    159967  -0192051  0760879 
    340001  0  212199 
    159967  -0192051  0760879 
    120126  -0946246  113708 
    340001  0  212199 
    120126  -0946246  113708 
    571427  -085022  181764 
    -108772  0754197  212199 
    -193526  0658173  174579 
    -206066  135302  113708 
    -108772  0754197  212199 
    -206066  135302  113708 
    -129062  187849  113708 
    -108772  0754197  212199 
    -129062  187849  113708 
    -689316  150839  174579 
    -905941  -085022  212199 
    -198606  -137569  181764 
    -338809  -199718  113708 
    -905941  -085022  212199 
    -338809  -199718  113708 
    -118635  -20932  0760879 
    -905941  -085022  212199 
    -118635  -20932  0760879 
    -189368  -156774  106523 
    -905941  -085022  212199 
    -189368  -156774  106523 
    -175348  -0946246  174579 
    223747  150839  155769 
    535503  187849  0760879 
    124284  135302  0456525 
    223747  150839  155769 
    124284  135302  0456525 
    136824  0658173  106523 
    223747  150839  155769 
    136824  0658173  106523 
    738406  0754197  174579 
    120126  -0946246  113708 
    106106  -156774  0456525 
    291022  -20932  0456525 
    120126  -0946246  113708 
    291022  -20932  0456525 
    -338809  -199718  113708 
    120126  -0946246  113708 
    -338809  -199718  113708 
    -198606  -137569  181764 
    120126  -0946246  113708 
    -198606  -137569  181764 
    571427  -085022  181764 
    -226813  -0192051  155769 
    -272641  -0347424  0760879 
    -285181  0347427  0152172 
    -226813  -0192051  155769 
    -285181  0347427  0152172 
    -251894  119765  0340272 
    -226813  -0192051  155769 
    -251894  119765  0340272 
    -206066  135302  113708 
    -226813  -0192051  155769 
    -206066  135302  113708 
    -193526  0658173  174579 
    -129062  187849  113708 
    -978869  224858  0340272 
    -658054  224858  0152172 
    -129062  187849  113708 
    -658054  224858  0152172 
    535503  187849  0760879 
    -129062  187849  113708 
    535503  187849  0760879 
    223747  150839  155769 
    -129062  187849  113708 
    223747  150839  155769 
    -689316  150839  174579 
    -189368  -156774  106523 
    -249499  -119765  0456525 
    -272641  -0347424  0760879 
    -189368  -156774  106523 
    -272641  -0347424  0760879 
    -226813  -0192051  155769 
    -189368  -156774  106523 
    -226813  -0192051  155769 
    -175348  -0946246  174579 
    136824  0658173  106523 
    124284  135302  0456525 
    134886  119765  -0456538 
    136824  0658173  106523 
    134886  119765  -0456538 
    158029  0347427  -0760892 
    136824  0658173  106523 
    158029  0347427  -0760892 
    170569  -0347424  -0152184 
    136824  0658173  106523 
    170569  -0347424  -0152184 
    159967  -0192051  0760879 
    120126  -0946246  113708 
    159967  -0192051  0760879 
    170569  -0347424  -0152184 
    120126  -0946246  113708 
    170569  -0347424  -0152184 
    137281  -119765  -0340284 
    120126  -0946246  113708 
    137281  -119765  -0340284 
    106106  -156774  0456525 
    -251894  119765  0340272 
    -220718  156774  -0456538 
    -143715  209321  -0456538 
    -251894  119765  0340272 
    -143715  209321  -0456538 
    -978869  224858  0340272 
    -251894  119765  0340272 
    -978869  224858  0340272 
    -129062  187849  113708 
    -251894  119765  0340272 
    -129062  187849  113708 
    -206066  135302  113708 
    -338809  -199718  113708 
    291022  -20932  0456525 
    -167256  -224858  -0340284 
    -338809  -199718  113708 
    -167256  -224858  -0340284 
    -108032  -224858  -0152184 
    -338809  -199718  113708 
    -108032  -224858  -0152184 
    -118635  -20932  0760879 
    -189368  -156774  106523 
    -118635  -20932  0760879 
    -108032  -224858  -0152184 
    -189368  -156774  106523 
    -108032  -224858  -0152184 
    -168163  -187848  -0760892 
    -189368  -156774  106523 
    -168163  -187848  -0760892 
    -238896  -135302  -0456538 
    -189368  -156774  106523 
    -238896  -135302  -0456538 
    -249499  -119765  0456525 
    124284  135302  0456525 
    535503  187849  0760879 
    -658054  224858  0152172 
    124284  135302  0456525 
    -658054  224858  0152172 
    402214  209321  -0760892 
    124284  135302  0456525 
    402214  209321  -0760892 
    747554  156774  -106525 
    124284  135302  0456525 
    747554  156774  -106525 
    134886  119765  -0456538 
    137281  -119765  -0340284 
    914533  -135302  -11371 
    144499  -187848  -11371 
    137281  -119765  -0340284 
    144499  -187848  -11371 
    -167256  -224858  -0340284 
    137281  -119765  -0340284 
    -167256  -224858  -0340284 
    291022  -20932  0456525 
    137281  -119765  -0340284 
    0291022  -20932  0456525 
    106106  -156774  0456525 
    -285181  0347427  0152172 
    -274579  0192054  -0760892 
    -234738  094625  -11371 
    -285181  0347427  0152172 
    -234738  094625  -11371 
    -220718  156774  -0456538 
    -285181  0347427  0152172 
    -220718  156774  -0456538 
    -251894  119765  0340272 
    -272641  -0347424  0760879 
    -249499  -119765  0456525 
    -238896  -135302  -0456538 
    -272641  -0347424  0760879 
    -238896  -135302  -0456538 
    -251436  -0658169  -106525 
    -272641  -0347424  0760879 
    -251436  -0658169  -106525 
    -274579  0192054  -0760892 
    -272641  -0347424  0760879 
    -274579  0192054  -0760892 
    -285181  0347427  0152172 
    -143715  209321  -0456538 
    -0807316  199718  -11371 
    00402214  209321  -0760892 
    -143715  209321  -0456538 
    00402214  209321  -0760892 
    -00658054  224858  0152172 
    -143715  209321  -0456538 
    -00658054  224858  0152172 
    -0978869  224858  0340272 
    134886  119765  -0456538 
    0747554  156774  -106525 
    0607351  094625  -17458 
    134886  119765  -0456538 
    0607351  094625  -17458 
    112201  0192054  -15577 
    134886  119765  -0456538 
    112201  0192054  -15577 
    158029  0347427  -0760892 
    158029  0347427  -0760892 
    112201  0192054  -15577 
    0789131  -0658169  -17458 
    158029  0347427  -0760892 
    0789131  -0658169  -17458 
    0914533  -135302  -11371 
    158029  0347427  -0760892 
    0914533  -135302  -11371 
    137281  -119765  -0340284 
    158029  0347427  -0760892 
    137281  -119765  -0340284 
    170569  -0347424  -0152184 
    -234738  094625  -11371 
    -171755  0850223  -181765 
    -0947518  137569  -181765 
    -234738  094625  -11371 
    -0947518  137569  -181765 
    -0807316  199718  -11371 
    -234738  094625  -11371 
    -0807316  199718  -11371 
    -143715  209321  -0456538 
    -234738  094625  -11371 
    -143715  209321  -0456538 
    -220718  156774  -0456538 
    0144499  -187848  -11371 
    -0456809  -150839  -17458 
    -136987  -150839  -15577 
    0144499  -187848  -11371 
    -136987  -150839  -15577 
    -168163  -187848  -0760892 
    0144499  -187848  -11371 
    -168163  -187848  -0760892 
    -108032  -224858  -0152184 
    0144499  -187848  -11371 
    -108032  -224858  -0152184 
    -0167256  -224858  -0340284 
    -238896  -135302  -0456538 
    -168163  -187848  -0760892 
    -136987  -150839  -15577 
    -238896  -135302  -0456538 
    -136987  -150839  -15577 
    -188453  -0754193  -17458 
    -238896  -135302  -0456538 
    -188453  -0754193  -17458 
    -251436  -0658169  -106525 
    0747554  156774  -106525 
    00402214  209321  -0760892 
    -0807316  199718  -11371 
    0747554  156774  -106525 
    -0807316  199718  -11371 
    -0947518  137569  -181765 
    0747554  156774  -106525 
    -0947518  137569  -181765 
    -0240183  0850223  -212201 
    0747554  156774  -106525 
    -0240183  0850223  -212201 
    0607351  094625  -17458 
    0789131  -0658169  -17458 
    -00584038  -0754193  -212201 
    -0456809  -150839  -17458 
    0789131  -0658169  -17458 
    -0456809  -150839  -17458 
    0144499  -187848  -11371 
    0789131  -0658169  -17458 
    0144499  -187848  -11371 
    0914533  -135302  -11371 
    -234738  094625  -11371 
    -274579  0192054  -0760892 
    -251436  -0658169  -106525 
    -234738  094625  -11371 
    -251436  -0658169  -106525 
    -188453  -0754193  -17458 
    -234738  094625  -11371 
    -188453  -0754193  -17458 
    -148613  0  -212201 
    -234738  094625  -11371 
    -148613  0  -212201 
    -171755  0850223  -181765 
    -0240183  0850223  -212201 
    -0573062  0  -231011 
    -00584038  -0754193  -212201 
    -0240183  0850223  -212201 
    -00584038  -0754193  -212201 
    0789131  -0658169  -17458 
    -0240183  0850223  -212201 
    0789131  -0658169  -17458 
    112201  0192054  -15577 
    -0240183  0850223  -212201 
    112201  0192054  -15577 
    0607351  094625  -17458 
    -148613  0  -212201 
    -0573062  0  -231011 
    -0240183  0850223  -212201 
    -148613  0  -212201 
    -0240183  0850223  -212201 
    -0947518  137569  -181765 
    -148613  0  -212201 
    -0947518  137569  -181765 
    -171755  0850223  -181765 
    -00584038  -0754193  -212201 
    -0573062  0  -231011 
    -148613  0  -212201 
    -00584038  -0754193  -212201 
    -148613  0  -212201 
    -188453  -0754193  -17458 
    -00584038  -0754193  -212201 
    -188453  -0754193  -17458 
    -136987  -150839  -15577 
    -00584038  -0754193  -212201 
    -136987  -150839  -15577 
    -0456809  -150839  -17458 
    0 0 0

#mesh01_indices[] 
    0  2  1 
    3  5  4 
    6  8  7 
    9  11  10 
    12  14  13 
    15  17  16 
    18  20  19 
    21  23  22 
    24  26  25 
    27  29  28 
    30  32  31 
    33  35  34 
    36  38  37 
    39  41  40 
    42  44  43 
    45  47  46 
    48  50  49 
    51  53  52 
    54  56  55 
    57  59  58 
    60  62  61 
    63  65  64 
    66  68  67 
    69  71  70 
    72  74  73 
    75  77  76 
    78  80  79 
    81  83  82 
    84  86  85 
    87  89  88 
    90  92  91 
    93  95  94 
    96  98  97 
    99  101  100 
    102  104  103 
    105  107  106 
    108  110  109 
    111  113  112 
    114  116  115 
    117  119  118 
    120  122  121 
    123  125  124 
    126  128  127 
    129  131  130 
    132  134  133 
    135  137  136 
    138  140  139 
    141  143  142 
    144  146  145 
    147  149  148 
    150  152  151 
    153  155  154 
    156  158  157 
    159  161  160 
    162  164  163 
    165  167  166 
    168  170  169 
    171  173  172 
    174  176  175 
    177  179  178 
    180  182  181 
    183  185  184 
    186  188  187 
    189  191  190 
    192  194  193 
    195  197  196 
    198  200  199 
    201  203  202 
    204  206  205 
    207  209  208 
    210  212  211 
    213  215  214 
    216  218  217 
    219  221  220 
    222  224  223 
    225  227  226 
    228  230  229 
    231  233  232 
    234  236  235 
    237  239  238 
    240  242  241 
    243  245  244 
    246  248  247 
    249  251  250 
    252  254  253 
    255  257  256 
    258  260  259 
    261  263  262 
    264  266  265 
    267  269  268 
    270  272  271 
    273  275  274 
    276  278  277 
    279  281  280 
    282  284  283 
    285  287  286 
    288  290  289 
    291  293  292 
    294  296  295 
    297  299  298 
    300  302  301 
    303  305  304 
    306  308  307 
    309  311  310 
    312  314  313 
    315  317  316 
    318  320  319 
    321  323  322 
    324  326  325 
    327  329  328 
    330  332  331 
    333  335  334 
    336  338  337 
    339  341  340 
    342  344  343 
    345  347  346 
	0